transform {
    0.97711056    0.21217471  -0.015386616             0
  -0.085192636    0.32400259   -0.94221258             0
   -0.19492838    0.92195672    0.33466208             0
             0             0             0             1

}
