transform {
    0.92440891    -0.3812404   0.011133593             0
    0.13234778    0.29325819   -0.94682825             0
    0.35770413    0.87672997    0.32154679             0
             0             0             0             1

}
